E0: 
[ -0.9226567, -0.3414842, -0.1791456;
  -0.2486017,  0.8818702, -0.4006272;
   0.2947910, -0.3251055, -0.8985570 ]

EI22:
[ -0.7468466, -0.4158602, -0.5189224;
  -0.5315624,  0.8422139,  0.0900950;
   0.3995768,  0.3431268, -0.8500602 ]

EII3:
[  0.2107642,  0.9057050, -0.3678000;
   0.1285751, -0.3986676, -0.9080378;
  -0.9690443,  0.1440919, -0.2004759 ]

EII13:
[ -0.9435185,  0.3293067, -0.0364693;
   0.2738501,  0.7131626, -0.6452947;
  -0.1864913, -0.6188346, -0.7630627 ]
